2 0.17890625 0.71875 0.290625 0.25234375
0 0.38828125 0.8078125 0.2234375 0.21015625
2 0.50625 0.440625 0.28203125 0.1921875
2 0.52890625 0.5921875 0.2390625 0.18515625
2 0.43125 0.19296875 0.18203125 0.11640625
2 0.6 0.06484375 0.215625 0.11171875
2 0.821875 0.10390625 0.22109375 0.1984375
2 0.67578125 0.23984375 0.19921875 0.1171875
2 0.89375 0.3859375 0.21171875 0.19765625
2 0.628125 0.32890625 0.1640625 0.109375
2 0.6359375 0.60703125 0.15625 0.2234375
2 0.88515625 0.55234375 0.21796875 0.1796875
1 0.32734375 0.528125 0.165625 0.171875
3 0.7578125 0.68984375 0.20234375 0.20625