2 0.1770465368037057 0.7426438033463103 0.2974744292790543 0.2928373933073793
0 0.39654786165848055 0.8338895913695815 0.2609161910658786 0.24456171939110263
2 0.5094393899896401 0.41757223019115547 0.3256678957806084 0.22848573323126703
2 0.5431530721641785 0.586834224753948 0.27679374813797325 0.21713705634924096
2 0.4129645345319033 0.1444159144875554 0.20916529238978612 0.13796420950527089
2 0.5948245024811994 0.030214116825598287 0.24433650496239884 0.060428233651196574
2 0.8461901033908221 0.07129409087528996 0.25488020678164425 0.1425881817505799
2 0.6888399838699495 0.1856179401535369 0.22798806699689217 0.14029071345960356
2 0.9085295916039978 0.3397948096977389 0.1829408167920043 0.22983337452429886
2 0.6403361714211714 0.2870013680241462 0.19005141935425698 0.1293877055509382
2 0.66344845553879 0.5983699495450769 0.18664393713693705 0.25713070357377177
2 0.9061013355034433 0.5268000611806137 0.1877973289931134 0.20853137749004844
1 0.31402419023730904 0.5241591057040376 0.19332627667402047 0.1997002055509382
3 0.8044609073580358 0.6849865873780677 0.23733314185166704 0.24048171444818678