2 0.19434037639317137 0.7279023764847505 0.348085358252186 0.31294524703049903
0 0.42335080851448925 0.8361992951310844 0.27435519237293704 0.2577288981258558
2 0.5688393462712865 0.43390570625557084 0.33636411905195923 0.24548496239076306
2 0.5880407579741844 0.6030505113492781 0.2874901094333122 0.23157557508545992
2 0.4949826617028979 0.1553009846271008 0.21590279691210784 0.14832515439406194
2 0.6863665751350763 0.04729657683457307 0.24907739546082902 0.09459315366914614
2 0.8995734140651506 0.09697767075790498 0.20085317186969895 0.19395534151580995
2 0.7646255283077863 0.21783912239462233 0.23476192431676957 0.15199572367353414
2 0.9365153972749276 0.38852839245288207 0.12696920545014478 0.23212584138279596
2 0.7085789141499687 0.3148792584462842 0.1952629146981227 0.1383591210079671
2 0.706882527211478 0.6246179712992657 0.199682574586922 0.2649216210079672
2 0.9266170968194405 0.5732898373591748 0.14676580636111894 0.21414873119538153
1 0.3662351906436564 0.5219154862764535 0.20396828130301117 0.2088534774344577
3 0.8393081360118181 0.7216484325028945 0.24913693756361327 0.2507514724198929