2 0.15831481327562874 0.7747091803248164 0.3166296265512575 0.29548496239076305
0 0.3786282067177893 0.8569975284380369 0.26003554420664754 0.24486518527287443
2 0.505269892386375 0.4481871666012699 0.3220354390337981 0.2294962495377817
2 0.5309194470843709 0.6129256165221276 0.27332515439406196 0.21871186223247854
2 0.4216380046188535 0.1836593168386967 0.2069894490629279 0.13872283386094858
2 0.6038093101082721 0.04996158142017308 0.24238137978345584 0.09992316284034616
2 0.8479397433360824 0.08708584521022664 0.25412051332783536 0.17417169042045327
2 0.6891832057933526 0.21724574049959555 0.22583037727617317 0.14239340314042073
2 0.8988129553976411 0.36336090789228825 0.18614340314042083 0.22710337226160834
2 0.6386399850228123 0.31785114575158735 0.1880121285298145 0.13036476458147633
2 0.6485472162847008 0.6212118264721151 0.185399257059629 0.2551829081549856
2 0.8911726369760986 0.5454603540522223 0.19028533386094856 0.20848976458147633
1 0.31088574340258945 0.5561002696625483 0.19313754922121246 0.19920569279472175
3 0.7820069224737646 0.702412699195942 0.23646165188677948 0.23949572367353422