3 0.564582473426433 0.7847922563347132 0.12266729534115868 0.13773934389007855
3 0.7205016027796466 0.7888623277257565 0.1265292797373263 0.1518927721033238
3 0.684179000450226 0.8572091624446347 0.09018898801421252 0.11339256175762458
3 0.6093361307079508 0.8922494036691461 0.1320422953411587 0.1380121285298145
2 0.3435330732694628 0.22473660939599158 0.14708079715018094 0.18681334138279587
2 0.45373026684702766 0.22231263987909258 0.13664126413349428 0.16622805674305985
2 0.5042735786965297 0.36559362694696884 0.14445376413349428 0.16645537727617327
2 0.43525798507353636 0.4521054399582349 0.1278461182719372 0.14725073620994636
2 0.5193374932141367 0.6679601090002801 0.13466932835784534 0.15837009263643723
2 0.5676887047703829 0.5006756691085523 0.13820376413349428 0.16627352084968247
2 0.6503208203287867 0.569473481724107 0.12102290818602893 0.13613137978345585
3 0.6131439676606817 0.41250206769662656 0.1310530054270668 0.1489041644231918