3 0.44921875 0.796875 0.08984375 0.115625
3 0.5984375 0.84296875 0.0890625 0.13125
3 0.54296875 0.89765625 0.06171875 0.0984375
3 0.4609375 0.91171875 0.1 0.1140625
2 0.40078125 0.2015625 0.10078125 0.16328125
2 0.50703125 0.22890625 0.09609375 0.14296875
2 0.5140625 0.3796875 0.10546875 0.140625
2 0.421875 0.44375 0.09296875 0.12421875
2 0.43984375 0.67265625 0.09765625 0.134375
2 0.53515625 0.52578125 0.09765625 0.14296875
2 0.59453125 0.6140625 0.0890625 0.1140625
3 0.6046875 0.45390625 0.09609375 0.125