3 0.44472481150971416 0.7939702455141947 0.10118553248413757 0.12738485376405234
3 0.6058185681331361 0.8366949619023668 0.10022323320977691 0.14450868676785794
3 0.5484897069705432 0.8977080577577535 0.06933533175849824 0.10892401384016423
3 0.46150806214268636 0.9161171595446393 0.11050596878180681 0.1262043557412184
2 0.370900320958725 0.15857125638860958 0.11392363466105593 0.17939302273741303
2 0.4851909994518458 0.18286164916451622 0.10847224282842376 0.15732702174882984
2 0.4978695926430895 0.3442938976816415 0.11773811542376222 0.1545840237259962
2 0.40183289554564705 0.41705491844188813 0.10463791469812271 0.1368871877564409
2 0.4299306468115914 0.6615715809894582 0.1097073606144388 0.14801568874502422
2 0.5267634628761749 0.4995888927387256 0.11003474282842376 0.1573906887450242
2 0.5933458168671917 0.5915416293928526 0.09956846878180663 0.12575868676785795
3 0.5975000596107977 0.4192527939175892 0.10781747840045348 0.13857702174882985