3 0.482393486579765 0.8779946449520388 0.13417336463846716 0.15440501778268043
3 0.6540138185949875 0.892249851733683 0.1395612015966055 0.1718108416039982
3 0.6035880542605314 0.9494104376536658 0.09683519072219049 0.1011791246926684
3 0.5168547168081016 0.9590818633156196 0.1339531887450242 0.08183627336876072
2 0.28660736756703564 0.24660328804655998 0.16140170950527094 0.21025691149637407
2 0.4069517010651328 0.251425682793711 0.15107170456235508 0.1863827638537389
2 0.4504895009514021 0.4123482202210984 0.15888420456235508 0.1867466368892682
2 0.3669501476816414 0.5031679652586998 0.14080536661563361 0.1640711162111037
2 0.44239718076199674 0.7454154313459689 0.14912720258518863 0.17693498924663303
2 0.5084718028148377 0.5645507291124386 0.15263420456235507 0.18645553846084476
2 0.5936015365032153 0.6460062444139195 0.13254719764227296 0.1527697431755744
3 0.5655123230807928 0.4709313157540378 0.14405770060802237 0.16734166542531542