2 0.5012814597472239 0.20213393009277736 0.20002873473485216 0.24342661094166687
2 0.38682389133900125 0.0987979098598957 0.18572721732199754 0.1975958197197914
2 0.29242543815049793 0.13754867249333308 0.17577900723608925 0.19760496466513905
2 0.41746530246570623 0.3125460596518052 0.21252873473485198 0.24371755167111128
2 0.19880051164710336 0.3309005886214929 0.19912133197589005 0.2558902433504862
2 0.31585413557325004 0.46472811512263856 0.2023348631835545 0.22787434612402785
2 0.23238545906985547 0.6578436419081248 0.2241146879233554 0.28612325721819476
2 0.14094266678091455 0.4968899177436804 0.16731140999505123 0.18492312670923622
2 0.08011911069716368 0.6422764593468056 0.16023822139432736 0.1933538757593057
1 0.13101995364278854 0.8053381973789582 0.2137570420617983 0.2671550516711111
1 0.050901922207981454 0.8085378921924653 0.10180384441596291 0.20167421561506949