2 0.47578125 0.16959661126299055 0.16875 0.22915631275401319
2 0.359375 0.08720234961588721 0.159375 0.17440469923177443
2 0.275 0.12230661069716367 0.15 0.18598616689245615
2 0.40625 0.2771468396662645 0.18125 0.22981140999505117
2 0.20390625 0.30728247625556737 0.1671875 0.24157442559888348
2 0.3234375 0.42367435888814137 0.1734375 0.2137769742194024
2 0.26171875 0.6081589015157666 0.1890625 0.26928334577069996
2 0.16328125 0.46409904228894094 0.14375 0.1747211182719372
2 0.1015625 0.6040523349165662 0.1671875 0.18219942559888339
1 0.17890625 0.7531239207376433 0.1796875 0.25316702283992143
1 0.0734375 0.7711513037089016 0.14375 0.20753361827193723