2 0.42775693465573783 0.22962345740081685 0.15179374813797325 0.21287248924663302
2 0.2918322431755745 0.13988025310037192 0.14437935442427943 0.18758139081820957
2 0.2172175409420441 0.19487166004863196 0.13732883374611501 0.17010279238978615
2 0.3791996182780183 0.34195648345566476 0.1641481989237615 0.21032968610347985
2 0.1839085430089587 0.38353174565677384 0.14932371960192592 0.2267894400324213
2 0.32702930438149824 0.49387854838564216 0.15724322745980873 0.19597608767505648
2 0.3029861445377541 0.6806315316364192 0.16760283870851378 0.2510274607105858
2 0.17574294023730908 0.5429602495857152 0.13056941149637402 0.15887419396136265
2 0.14344847869815383 0.6864533844080688 0.15564218610347988 0.1616010876750565
1 0.24992541873057514 0.8301734592628437 0.160697867244561 0.23667386228216217
1 0.1489279989620335 0.8543129724974101 0.1274829528527029 0.19303087014004489