2 0.2578125 0.17421875 0.2328125 0.18046875
2 0.425 0.2953125 0.2015625 0.17421875
2 0.6078125 0.34921875 0.1984375 0.1796875
2 0.190625 0.39140625 0.2 0.1765625
2 0.3 0.409375 0.23515625 0.19609375
2 0.56875 0.4421875 0.228125 0.13828125
2 0.4234375 0.61015625 0.22890625 0.17890625
3 0.675 0.7546875 0.17890625 0.1546875
3 0.521875 0.76328125 0.16328125 0.1265625
3 0.5546875 0.71640625 0.09921875 0.09296875
3 0.21640625 0.69453125 0.175 0.14296875
3 0.225 0.85859375 0.17734375 0.12734375
3 0.61875 0.61640625 0.1625 0.1203125
3 0.8234375 0.8921875 0.1359375 0.1109375
3 0.93359375 0.9078125 0.1328125 0.11015625
3 0.23046875 0.046875 0.18125 0.0859375