2 0.23069772120197918 0.1458603478092509 0.25650614718563747 0.20361311331561965
2 0.399335058160739 0.2603294545098419 0.22323862087727822 0.1942723465663966
2 0.5876926318947321 0.3037583151393744 0.2204776419239657 0.2003767973521849
2 0.15187695825956107 0.3754793813076969 0.22176712613895005 0.19576207195929074
2 0.26498390301200664 0.3865730849889693 0.2605411998023559 0.21938366252983138
2 0.5422065556710775 0.4024890676205738 0.2492704998588257 0.15964478949430205
2 0.3842667111021585 0.5859287679920773 0.2516366366622937 0.20026978949430205
3 0.6406014691358406 0.7196872220876345 0.19861805247554418 0.17286822745980873
3 0.48063493493497356 0.737266482012432 0.179701452503779 0.14238020678164426
3 0.5170498480468009 0.687264327959656 0.11042083148532651 0.10331339867609231
3 0.16561615066351937 0.6880500018620268 0.19320251038216937 0.16014990363849116
3 0.1675063324029597 0.8562541923087329 0.19385495776545086 0.1445976782455972
3 0.5872552032096507 0.5788118190683159 0.1777749314570915 0.13605743217453856
3 0.7895332508470461 0.851435874073496 0.15057539462538863 0.12388276385373871
3 0.8894954534919993 0.860804411915168 0.12235938936371653 0.12101032092583353
3 0.20567387635071155 0.032518170492412665 0.1929757262518895 0.06503634098482533