2 0.2779911239261467 0.12509952319452355 0.28045986318355454 0.23438822334543535
2 0.4223508763009959 0.2712357410655704 0.2470741530976463 0.22211371642535305
2 0.5975755263464244 0.34907028650321537 0.24583920171816515 0.22830004942915877
2 0.1620850836733707 0.3434277119395478 0.24559354025277597 0.22361254942915867
2 0.2695766791053864 0.3749085222059404 0.28761062188998177 0.25183039133021284
2 0.5373982649264637 0.44117421486811625 0.2672295228399214 0.19019255437207452
2 0.3521933480340075 0.5984004189361797 0.27725297602842486 0.2326983893530466
3 0.5781815586857426 0.7786304525108265 0.22084584577069996 0.197657544486243
3 0.41966637381460503 0.7687182361226546 0.19733310266810483 0.16551620653952134
3 0.4633654641582381 0.7232810607235031 0.12308337516934209 0.11727502471457925
3 0.12206543475959594 0.6607889668824637 0.21394074852966197 0.1849028765014653
3 0.10084548988103517 0.831801803840602 0.20169097976207034 0.16765170950527092
3 0.5510093063108934 0.6277192099252005 0.19536116689245625 0.15764003954332698
3 0.7009529161035459 0.920189258328595 0.16297139077317446 0.10486786661563344
3 0.8071243509746836 0.9322343190892791 0.15343926051544976 0.07173703163466172
3 0.2750066440525347 0.026090314715016882 0.20311171189493055 0.052180629430033765