2 0.323905568746907 0.11513113807270221 0.30093613749381404 0.22824421642972928
2 0.46979900214770665 0.2760873396717086 0.26861496042459265 0.23742831888905727
2 0.6495860786965297 0.38335091470908594 0.26729812188998175 0.24210672852997767
2 0.20441301956056113 0.30890788826909393 0.2671343475797223 0.23898172852997765
2 0.3132424649471483 0.35874478268650795 0.3108777035271876 0.26891466822512733
2 0.5868614286511011 0.46811627926866245 0.28424660447712713 0.20784081283893308
2 0.3985093368371301 0.5997924843837101 0.2973131705105009 0.24852944535249044
3 0.6295047885552953 0.8198196798343964 0.23909787878738661 0.2107021924256241
3 0.46754702114244084 0.7845129180287357 0.21229636137453217 0.1761817466803503
3 0.512374842264197 0.7457231288011241 0.13459408525525038 0.12418290944452863
3 0.16334644278459537 0.6281027949831481 0.23063028154634874 0.19815674063022612
3 0.1426665298488681 0.7998050781606353 0.21097952283992147 0.18086015632127062
3 0.6016619923096256 0.6611123003459012 0.2104063127540133 0.1699226563212708
3 0.7527043504047974 0.9627328459182245 0.17440685775648745 0.07453430816355108
3 0.8563173513093085 0.9872697584860111 0.15780585594746518 0.025460483027977786
3 0.3203501215512975 0.017483978431781823 0.20632524310259504 0.03244083703942992