1 0.058854942334369456 0.669029992036905 0.11770988466873891 0.34430998407381014
1 0.06043513172806283 0.41177122888272544 0.12087026345612566 0.24854245776545092
1 0.22946401345612566 0.3017423234516444 0.1992032191310198 0.26395462613895004
1 0.20686091587640337 0.5386507892507774 0.23388583559393467 0.36099622611071513
1 0.3927176079836302 0.37159063381969626 0.2322414484388049 0.3593427208490433
1 0.5941716446183616 0.26577879152867745 0.2465562539567289 0.3352527734657619
1 0.7943387409548885 0.28919171765351004 0.23110167231952303 0.30787122611071516
1 0.34336058062115293 0.6704152706937515 0.19073562188998175 0.2509995998305907
1 0.5039163003179997 0.6272630521226084 0.19574402645796596 0.28711911035393456
1 0.6654413777713339 0.5058038230281213 0.19690373473485218 0.2498011208772782
1 0.5288532660581174 0.8793212918816133 0.22189709068231736 0.2413574162367734
1 0.7097081976498947 0.7975432729716516 0.24449578697341573 0.3553832629424182
1 0.8739156190649066 0.5351860280921492 0.20627209068231736 0.27994364718563747
1 0.9146357943251058 0.5955466754189609 0.1292935108541336 0.297268384102045
3 0.3491468289236723 0.06656993387616603 0.10795634215265534 0.09819384727034204
3 0.2764529573723748 0.07800869183926099 0.07974945499752559 0.09499325256024878
3 0.5170846014249095 0.1218020073983976 0.12850121551297528 0.16325740514873238