1 0.1448183877133285 0.7926493758124266 0.1962801104201355 0.359386456979289
1 0.08043044023730908 0.534969289367263 0.12287253556536062 0.25818642126547414
1 0.1827270326698765 0.36429650487126397 0.23824497849326604 0.288302389608849
1 0.25103834677128434 0.6054885206995766 0.28665255334804096 0.38906604869945854
1 0.36690297952672335 0.37359186404459904 0.28509005334804094 0.3890387751605081
1 0.5205437481379732 0.19733155276323883 0.29642565963434714 0.36425696347211084
1 0.7224123091390091 0.15739984821628644 0.2760746182780183 0.3147996964325729
1 0.4337652636443419 0.6843969504897627 0.22977750702931327 0.2741035219140972
1 0.5722219880037788 0.5850264216758065 0.23933659759985382 0.31173988960884885
1 0.681967207400817 0.4064047694850559 0.2343922324222074 0.27262284253094826
1 0.7011625870513747 0.835324656254531 0.2604110769216895 0.29493421915415363
1 0.8376351263407891 0.6765654906710997 0.2973717295267235 0.38456946347211096
1 0.8849090780598452 0.3596995446488593 0.2301818438803096 0.30565353084255104
1 0.935055704300445 0.40331713109402284 0.12988859139911 0.313419392044481
3 0.20763702564056316 0.0933294399364558 0.12213617328319826 0.1082955154212755
3 0.14205056699689203 0.12887720211132042 0.09386562406898658 0.10467959172016936
3 0.38941356451569265 0.08632832772022841 0.15182798138875012 0.17265665544045683