1 0.07265625 0.6953125 0.1453125 0.325
1 0.06171875 0.43984375 0.1234375 0.2328125
1 0.23046875 0.3078125 0.16796875 0.240625
1 0.23671875 0.54453125 0.190625 0.33359375
1 0.39921875 0.35546875 0.18984375 0.33359375
1 0.58515625 0.2265625 0.2078125 0.30625
1 0.78515625 0.2234375 0.19453125 0.28046875
1 0.38671875 0.65625 0.1625 0.22890625
1 0.53984375 0.59453125 0.1625 0.26484375
1 0.68359375 0.45390625 0.16875 0.2265625
1 0.5984375 0.859375 0.1890625 0.25625
1 0.7640625 0.7359375 0.203125 0.32578125
1 0.89296875 0.45625 0.17421875 0.25625
1 0.946875 0.51015625 0.10625 0.28203125
3 0.3203125 0.05234375 0.09609375 0.1046875
3 0.24921875 0.08125 0.06875 0.0859375
3 0.49140625 0.09375 0.109375 0.14765625