1 0.07100805107623855 0.5982824113224096 0.1420161021524771 0.38781017735518086
1 0.09068275413608382 0.32075684798695514 0.18136550827216763 0.2818692600254534
1 0.2982961430945212 0.21750293662477466 0.2546704991714305 0.3043624253659985
1 0.23401735752916056 0.47436201129854705 0.30798389784752295 0.40961354670590727
1 0.46427855397172274 0.30848992126832114 0.30642139784752304 0.4095953653723619
1 0.6998586430945212 0.21283033390359535 0.31775700413382924 0.3847408160407254
1 0.8805242921848985 0.2567968678787783 0.23036401199171194 0.3524908426957259
1 0.361042122211469 0.6306109166136388 0.2445677531003719 0.28862833736472593
1 0.5420759524429274 0.5996138132559127 0.2557621182780185 0.3277999253659985
1 0.7373050233687608 0.48177978123014115 0.2508177531003719 0.2887010626989076
1 0.5281417692349315 0.865256994589458 0.27443503556536053 0.2593044640356347
1 0.7390108027333776 0.7972138772279139 0.3180481025622527 0.3909908160407255
1 0.9039809470662437 0.524347447207233 0.15623299917143071 0.3032170013526354
3 0.4577932293218356 0.014851198639410345 0.11566354135632881 0.02970239727882069
3 0.3804494793218356 0.015223915977091962 0.08910104135632882 0.030447831954183924
3 0.6330800196447071 0.07071610658023125 0.1502269400324213 0.14073518268618093