2 0.36969093709378675 0.07538349175455637 0.24563187418757346 0.12200932082080847
2 0.24516426988550238 0.13993256818997252 0.23781146590774283 0.21052578925077733
2 0.22656604869945846 0.28167274715740254 0.22824555113509043 0.1990422576807463
2 0.0683167666357962 0.5604439473126943 0.12010576866768638 0.17401289462538863
2 0.14642240137667648 0.4744602156579586 0.15916826866768635 0.17628802616718495
2 0.4137132670428333 0.4065193706655167 0.2272285219140972 0.23020125241907435
2 0.31867923092198125 0.506345794441862 0.2223773806803952 0.22055323663405896
2 0.7062535486994584 0.3096113624906602 0.23703989853730273 0.2557472839891055
2 0.6593451412304068 0.5285286914863251 0.20861488960884883 0.23692168927901225
2 0.7219656923654971 0.7179243914298554 0.2175535129856435 0.21246772084904322
2 0.5934430462605311 0.8665299494494201 0.1955148717519414 0.20181864718563744
2 0.4486390608710279 0.8424869627447741 0.13976370373287814 0.13769596302712267
2 0.4085344379012703 0.6910840864646497 0.09604097727182861 0.13671031570031095
3 0.559323596181101 0.6108945994776549 0.1671989569792892 0.18924305247554418
3 0.4673912406612139 0.6648547864081799 0.13189665665497757 0.1341159367187636