2 0.46328125 0.0453125 0.2296875 0.090625
2 0.3265625 0.10078125 0.203125 0.15546875
2 0.2796875 0.23515625 0.1953125 0.14765625
2 0.059375 0.48359375 0.11796875 0.1453125
2 0.1625 0.409375 0.128125 0.1421875
2 0.4359375 0.37890625 0.1875 0.1796875
2 0.3234375 0.46171875 0.184375 0.17109375
2 0.740625 0.32421875 0.1921875 0.203125
2 0.65 0.52734375 0.165625 0.19296875
2 0.67265625 0.71640625 0.18203125 0.1640625
2 0.51796875 0.8421875 0.1609375 0.15859375
2 0.38125 0.8 0.11640625 0.10625
2 0.3734375 0.65078125 0.07109375 0.1171875
3 0.53671875 0.59296875 0.13359375 0.153125
3 0.4359375 0.6328125 0.10859375 0.1046875