2 0.4044329699457707 0.04040418161138877 0.23488406010845858 0.08080836322277754
2 0.3445261839396131 0.12711901234909695 0.2354567527304745 0.19139263867708353
2 0.06984863124651594 0.3795770908056944 0.13969726249303188 0.17823671561506957
2 0.19348533782499683 0.30951655110243037 0.16037493949875797 0.17558449430041678
2 0.5005302233636162 0.300026569435451 0.2309692406302261 0.22565853590354196
2 0.3649194554096354 0.38129736607256914 0.22466469847574838 0.21613806553881965
2 0.8452069191088902 0.2670075155801382 0.23737377673457943 0.25236650626826407
2 0.7189569947354426 0.4847606728745827 0.20760446350286302 0.2376130220358336
2 0.7216315010801544 0.6963885038966313 0.2214851563212708 0.2066903303564585
2 0.5342082482514842 0.8218281810427079 0.19800220452587247 0.19833231648875013
2 0.38770140779420864 0.7619654846136802 0.14138859016268784 0.13452308320625014
2 0.39726328103618797 0.5953592128621871 0.0929874515990063 0.13964568787965276
3 0.585803606269957 0.5464456681249301 0.166697662371395 0.188229964665139
3 0.4684252087292851 0.5819857374634718 0.13355790944452864 0.1312162452503472