2 0.5596304603442863 0.022075863524845613 0.24738592068857254 0.044151727049691225
2 0.4042807614327454 0.05055801679022297 0.2460615228654907 0.10111603358044594
2 0.3328174784004536 0.12291662251052027 0.24771828130301127 0.2115278101589518
2 0.07121532340579571 0.33698907931142746 0.10901787985173243 0.17235120435383652
2 0.17086809382421575 0.27875493865992185 0.17664188947037926 0.18719744355406326
2 0.4644469682336526 0.30839527632405184 0.2488095553496283 0.2427778101589518
2 0.32734876151756337 0.3695014458314979 0.24379467313564324 0.23323911905195924
2 0.7964335782151191 0.31792152142991037 0.26067463828925297 0.2697222560752678
2 0.6553522543459873 0.5113590413001763 0.23038693756361345 0.25149804573098145
2 0.6374455356489985 0.71535706053747 0.24039685462398896 0.22531749164729753
2 0.4468602303841882 0.812747959626496 0.21501490870767306 0.21350697241000383
2 0.3128001997141491 0.7368625606222879 0.15334823320977709 0.14580855172143145
2 0.33781257948106347 0.5795485684268362 0.10959823320977709 0.14428076805616746
3 0.5215600969042586 0.5551413015517953 0.1848908990890262 0.19997026206571747
3 0.4080159520764018 0.5739682018219477 0.14542660580511538 0.1424107332097771