2 0.68125 0.196875 0.1546875 0.21953125
2 0.5265625 0.3359375 0.165625 0.19453125
2 0.69140625 0.43359375 0.196875 0.184375
1 0.44453125 0.45703125 0.11015625 0.15703125
2 0.52109375 0.6 0.14296875 0.14453125
1 0.57890625 0.47890625 0.1328125 0.153125
3 0.371875 0.55546875 0.10859375 0.13984375
3 0.4546875 0.71484375 0.13125 0.16875
3 0.33125 0.67890625 0.11796875 0.15625
3 0.309375 0.8390625 0.1046875 0.2125
3 0.41015625 0.8734375 0.1296875 0.2109375
3 0.11875 0.65625 0.090625 0.15234375
3 0.26328125 0.55625 0.08828125 0.12109375
2 0.1609375 0.54140625 0.11875 0.184375
2 0.14296875 0.371875 0.1140625 0.20703125
2 0.2703125 0.36171875 0.11875 0.19375