2 0.7723225955394311 0.24368085268380857 0.2201834340192331 0.26777170129724626
2 0.5824681368430846 0.3540803847441756 0.22418897241989288 0.2444160219140973
2 0.7334121743858146 0.4913604220828436 0.2537855442066476 0.2418092191541538
1 0.471497196093427 0.46232135308755035 0.15706365690134447 0.19170803327818292
2 0.5216061593421198 0.6263741704579905 0.18813180047485362 0.18600350405718977
1 0.6074407077719096 0.5138820787378211 0.17898412100796718 0.1936523628234877
3 0.3762732757977405 0.5476196992719466 0.15026808762187222 0.17284893912238158
3 0.42851304037921684 0.7311764931034365 0.181001262074194 0.20930463636243815
3 0.30783081584775285 0.6668430320636622 0.1649216210079671 0.19340690097293473
3 0.2515533867765777 0.8280629500827257 0.16646740063313822 0.2465319009729349
3 0.3520223997087014 0.869299830359379 0.18288201082055267 0.22026940990138827
3 0.09160877078317553 0.5963607568998588 0.13491587226160834 0.18195120373287815
3 0.26226460009177754 0.5245970308458463 0.12458612602253201 0.14897506249917622
2 0.1587615153728992 0.4865396976470936 0.17355247492717535 0.22166826866768635
2 0.17621212516460222 0.30723798133231367 0.17418897241989292 0.24354326866768633
2 0.3103741764973857 0.32443734375205957 0.1753877595669115 0.23107054220663673