2 0.6466746834007996 0.14530008900274252 0.2330802521477066 0.27852896276527794
2 0.5205226984388049 0.335182819435451 0.23810194482076028 0.2552369331300001
2 0.7256472896869491 0.39846015017315917 0.2691062833553712 0.2512767849536114
1 0.4675282524863908 0.48816365549149265 0.166485894391219 0.19894925911805572
2 0.5910996285602441 0.6221730199485412 0.19897084577069996 0.19346297853284736
1 0.6186403731331772 0.4760422491469787 0.19000528154634874 0.2010572729857641
3 0.4177063941640764 0.6121291387739928 0.1592532485296619 0.18005378875333342
3 0.553116028944357 0.7630714300927774 0.19246854025277607 0.21828114057694456
3 0.4096150124360135 0.7562428146857983 0.17446216870147851 0.2022560970739585
3 0.4257014371303859 0.8990115429343053 0.1659126843053107 0.18801175911805573
3 0.5408727357509049 0.9025885249825343 0.18557008706427283 0.17598453780340292
3 0.1749467633405247 0.7859530709540625 0.1442014586155702 0.19062761284152785
3 0.30112972580128217 0.6414373919081248 0.13302494120271574 0.15603440729444457
2 0.185873217999366 0.651159843655486 0.18383052464894378 0.2321254350298613
2 0.11864369515944458 0.4728179445291666 0.18505883197589007 0.25556293502986127
2 0.252452129126071 0.42902896409645813 0.18588434757972233 0.24153680262104177