2 0.5781213368304494 0.1377611587571576 0.23125732633910126 0.2700499213483853
2 0.439094626089039 0.3237026830558503 0.23705268527287443 0.2544612827847038
2 0.6411368477175091 0.3889514749157404 0.268211757059629 0.2515180899662962
1 0.37528687569332764 0.47570099941082483 0.16514894154108042 0.19936471662612104
2 0.490840016363843 0.6131151618804156 0.19782504922121244 0.19486811416679295
1 0.528707392386375 0.46643560460062733 0.18863190564770313 0.20106357201231528
3 0.31772076511020175 0.601168632022578 0.15835337226160834 0.1805783551898026
3 0.4437567647144903 0.754271427005726 0.19225701082055266 0.2182692527304745
3 0.2994755673009151 0.7448368187908615 0.17456940564770312 0.2009817587805987
3 0.3121621207452697 0.8983971142649889 0.1731432979675712 0.20320577147002225
3 0.425329710478713 0.9026033461146163 0.19322847743445787 0.1947933077707674
3 0.06979642748832955 0.7700675811856974 0.12567726458147638 0.18507495764913048
3 0.19815241119099353 0.6286027647325271 0.13106344655564542 0.1554238190854491
2 0.08695011022066793 0.6373050781606354 0.17390022044133585 0.23227721057599665
2 0.05848478675130714 0.45661815954272456 0.11696957350261428 0.2538613190854491
2 0.1637332617449895 0.415085165396457 0.18512647241989288 0.24166130093507637