3 0.28153847116625164 0.24996714198152709 0.2083246285298145 0.12619083703942993
3 0.3949357299417403 0.17273195540963537 0.18185305674305977 0.12916130093507644
3 0.4526191639609734 0.4365035639190876 0.16287573620994653 0.12123971662612103
3 0.31437266937124975 0.545919991415793 0.20961434389007838 0.11682492739850972
3 0.5330137061225569 0.3797763200674077 0.12469377461060631 0.09758404800821019
3 0.619304210279192 0.49882578103618797 0.1371483105039836 0.09609427088084707
3 0.44563704123714665 0.5725046964326449 0.11697220282385157 0.10066359621281222
3 0.4742143337944416 0.6684484555078313 0.12519387978345584 0.11477154800821018
3 0.3202853517411302 0.6685626058771736 0.16283027210332374 0.11967721662612103
3 0.2944251968848498 0.7734182775201466 0.13719377461060622 0.09765677088084708
3 0.2948918613080417 0.8968739582383058 0.12809155925034227 0.10697722872636958
3 0.4481101380302189 0.8186257175098838 0.13429609514371954 0.10545109016268803
3 0.5571010416328581 0.7242257568356911 0.08320495658477522 0.06766019867214013
3 0.6718251196878189 0.6657360250842597 0.11495506175762475 0.08502950585373252
2 0.8019983529947714 0.6548207301011115 0.1485404515702104 0.11178290339440444