3 0.26875 0.2640625 0.190625 0.11328125
3 0.3765625 0.19140625 0.16484375 0.11796875
3 0.42734375 0.4375 0.146875 0.11015625
3 0.29609375 0.54140625 0.190625 0.1046875
3 0.503125 0.384375 0.1125 0.0890625
3 0.5828125 0.49453125 0.1234375 0.08671875
3 0.41875 0.565625 0.1046875 0.0921875
3 0.44453125 0.6546875 0.1125 0.10546875
3 0.30078125 0.65625 0.146875 0.10859375
3 0.275 0.75546875 0.12421875 0.08828125
3 0.27421875 0.87109375 0.11484375 0.096875
3 0.41875 0.79609375 0.12109375 0.09609375
3 0.521875 0.70625 0.07421875 0.0625
3 0.63046875 0.65078125 0.1046875 0.0765625
2 0.75234375 0.63828125 0.13359375 0.10078125