3 0.228125 0.28609658168763874 0.2078125 0.14389938962701407
3 0.328125 0.19705030585208308 0.1828125 0.14488000816812513
3 0.41015625 0.43889100731510383 0.1640625 0.1335060970739585
3 0.290625 0.5619856280404164 0.20625 0.1344880220358334
3 0.48046875 0.37319196571197877 0.125 0.10759690729444457
3 0.57578125 0.4733172926499648 0.1359375 0.10628898043270851
3 0.41796875 0.5683966693592011 0.1171875 0.10897756933854179
3 0.4546875 0.655042030966458 0.1265625 0.12325827488562524
3 0.309375 0.6771742169462497 0.1625 0.13190722948277803
3 0.2953125 0.7821890252668748 0.1375 0.10788784802388882
3 0.309375 0.8990492169462498 0.128125 0.11548214247680591
3 0.44609375 0.8021170527179511 0.134375 0.11562761284152785
3 0.53984375 0.6960287472471176 0.0828125 0.0753649823325695
3 0.64296875 0.6233159862292009 0.115625 0.0933162017473613
2 0.765625 0.5938986303215271 0.1484375 0.12220492116215294