3 0.2609602562682641 0.225527946122217 0.2139560100679862 0.13828254448624283
3 0.37874586189159737 0.14565742091334605 0.18590374525034736 0.1402615385547438
3 0.43027721998347257 0.41099857802370865 0.16697190729444458 0.13168503460041112
3 0.286692833774931 0.5247639421678842 0.21217530452090286 0.12884387749004844
3 0.5126162880877434 0.3536861437273087 0.12732752583555573 0.10509335969555131
3 0.5974842101998268 0.4722186264271032 0.13979115824437507 0.10404019566510633
3 0.4202145018029519 0.549820997491361 0.11958776101791671 0.10790002471457924
3 0.4466880424561464 0.6457091590503479 0.12776393692972227 0.12384335969555131
3 0.291128373478195 0.6481377751716899 0.16533667211208342 0.12849636760421673
3 0.2615701196784729 0.755692948593675 0.13982752583555563 0.10560269566510652
3 0.2590107769729174 0.8809157830803553 0.13067073138263902 0.11459569368794006
3 0.4166401325962507 0.7994217494685274 0.13688436379145835 0.11328786167271776
3 0.5293200109210076 0.7017734752482396 0.08444904160312508 0.07368685079830276
3 0.6475420276385074 0.6406529500393686 0.11762521751493046 0.09064885771838505
2 0.7793732558870146 0.6266793388609425 0.15109233415618065 0.12011086463846717