1 0.55703125 0.12734375 0.1625 0.184375
1 0.68359375 0.2 0.16015625 0.1546875
1 0.8703125 0.134375 0.16015625 0.1515625
1 0.8828125 0.29921875 0.14765625 0.13671875
1 0.71015625 0.3125 0.14453125 0.125
1 0.79140625 0.46171875 0.140625 0.1578125
1 0.146875 0.734375 0.13125 0.12265625
1 0.29453125 0.73828125 0.11640625 0.1171875
1 0.4421875 0.825 0.1125 0.12890625
1 0.53203125 0.740625 0.10625 0.11640625
3 0.5765625 0.33046875 0.17109375 0.16640625
3 0.6625 0.45703125 0.13671875 0.16328125
3 0.525 0.4890625 0.1578125 0.165625
3 0.41796875 0.53671875 0.103125 0.121875
3 0.753125 0.65390625 0.140625 0.14765625
3 0.87265625 0.5953125 0.15390625 0.125
3 0.93203125 0.4640625 0.13046875 0.1515625
3 0.90078125 0.69453125 0.1234375 0.11171875
3 0.09453125 0.89921875 0.0765625 0.11328125
3 0.18203125 0.84921875 0.1140625 0.11796875
3 0.2640625 0.84296875 0.0890625 0.12421875
3 0.49921875 0.94375 0.078125 0.1015625
3 0.553125 0.84453125 0.10625 0.10078125
2 0.41953125 0.32578125 0.1234375 0.1046875
2 0.415625 0.22109375 0.134375 0.1171875
2 0.31484375 0.36484375 0.103125 0.11328125
2 0.25390625 0.30234375 0.1265625 0.12421875
2 0.17734375 0.396875 0.115625 0.134375
2 0.1671875 0.5375 0.125 0.11328125
2 0.18515625 0.64140625 0.1234375 0.1
2 0.25390625 0.4671875 0.1125 0.125
2 0.29296875 0.6375 0.11796875 0.13515625
2 0.4109375 0.61171875 0.14296875 0.0796875