1 0.6760977532793604 0.15992750330525968 0.22906113749381393 0.2366781703877142
1 0.7868947331529723 0.27238046153464607 0.22010221732199753 0.21443929735218487
1 0.9436736776350484 0.2546215349416789 0.1010246687014785 0.20265842721213972
1 0.9234010419502567 0.4322371126919379 0.12175324852966227 0.1818022717116218
1 0.7795625107425922 0.3973440742310931 0.1948631999091429 0.178972678245597
1 0.8162801814802357 0.5783971751407159 0.19970783016686794 0.21193072745980873
1 0.07436541666734323 0.6613977264263514 0.14873083333468645 0.17043243217453838
1 0.2109298609243063 0.7123160252262783 0.1612318283578454 0.16181941149637388
1 0.33768603347097204 0.8490070041338292 0.16180503844375363 0.1727569114963739
1 0.4575724875639865 0.7880224623632156 0.15004866689245625 0.15662248924663302
3 0.6342876322938897 0.3749146484666955 0.2365460888732951 0.2307920434232435
3 0.6839114167809145 0.5338573089296121 0.19839099163225704 0.21654545285270288
3 0.530168941091174 0.5235640101296852 0.22067542740790563 0.22537679735218497
3 0.40398157734179263 0.5403982915612167 0.14881371551297526 0.16279971463952717
3 0.7155421178217113 0.7671449979285763 0.19757212008095948 0.20092045285270288
3 0.8509783288121306 0.7382109768361269 0.19009381275401332 0.17719185442427943
3 0.9217555755327702 0.6130697357274671 0.10621013568479185 0.18263702564056317
3 0.8419165100652236 0.8513466776219152 0.13870173111680764 0.14830056699689215
3 0.005388026346424427 0.8191331437136938 0.010776052692848854 0.14139128742738763
3 0.0688911439967639 0.7921575748547749 0.1377822879935278 0.16167386228216216
3 0.1462321958408724 0.8111130901562559 0.13466932835784542 0.1605822431755744
3 0.3633710289484162 0.9607856044242794 0.10655761646291487 0.07842879115144115
3 0.44686628166194964 0.902647888541898 0.14610479534115867 0.1408519400324213
2 0.47264080337021736 0.3211795647205804 0.16526423111680746 0.14953773531769166
2 0.5011110413844297 0.21129729652361537 0.18022748982323478 0.16738020678164434
2 0.3508510125516145 0.3288207826698765 0.14675989258219663 0.1533519400324213
2 0.30823414461836157 0.24538754445670077 0.17422315128862395 0.1717766083532209
2 0.19784884328430913 0.31934512117350244 0.16682008706427273 0.17922523531769166
2 0.1425770878572422 0.4624379956567738 0.17052494120271572 0.16069355913900923
2 0.12874588195520545 0.5769178726212445 0.16345606965141815 0.14477746071058561
2 0.25543561397652403 0.41600610545773675 0.15999687697836446 0.1679966368892682
2 0.2415391310506943 0.6064491689399721 0.1684644742194025 0.18086050992479735
2 0.37262535674043484 0.6156872359368641 0.17669969810012062 0.12980743217453838