1 0.636498787338668 0.16546981960867657 0.2037910219140972 0.22300690564770323
1 0.7457180543847967 0.2671352711788869 0.19543305113509035 0.1915295851145898
1 0.9227169310080022 0.24727271522724995 0.15009327759614025 0.18864862602253202
1 0.9120270726487412 0.4118891446941365 0.16541826866768652 0.17191576708875883
1 0.7460162889635211 0.38439096733882094 0.17145008035608367 0.1595976235152496
1 0.7923440438347852 0.5514480866974354 0.17512055113509034 0.19093855172849494
1 0.09390476948505586 0.665568827197031 0.1588409862002823 0.15298391066226813
1 0.2378223648586732 0.704930507059629 0.1430796185055306 0.14471676959604132
1 0.3646830994373977 0.8258687958560001 0.141708033278183 0.1556088054894186
1 0.4720649513038368 0.7641166051063425 0.13208757142762995 0.14127352084968248
3 0.6094748169666984 0.37025660800933635 0.20820578652459396 0.2075182979675712
3 0.6655594013832671 0.5157115120076868 0.1736398717519414 0.19558058762187222
3 0.5225497410748415 0.5138952962517116 0.19406146590774292 0.20242162100796718
3 0.4057071144516361 0.5355082203083219 0.13063416558343127 0.14747805674305994
3 0.7102604265470704 0.73118339931299 0.17339440990138827 0.18151808762187222
3 0.8420831708650276 0.7021898842692952 0.18241485389503395 0.16147837226160835
3 0.9199644833642037 0.5840823934404953 0.14370690990138826 0.1806542695960413
3 0.8472870937553548 0.8070819727490972 0.14771257142762978 0.14172816191590948
3 0.027048100651918407 0.8150399782923877 0.05409620130383681 0.1300799565847754
3 0.10194732021640449 0.7869580938900784 0.13995461850553056 0.14462584138279588
3 0.18378765544375214 0.8002824594877691 0.1165443920444809 0.1455063797834555
3 0.3937375795518953 0.9470479793149197 0.10042846834337489 0.10590404137016059
3 0.47019671388573847 0.8711478551063425 0.1286898360381265 0.12555759263643723
2 0.45622313190150654 0.3282783935070023 0.14601370373287814 0.13387019780928666
2 0.47523795901117927 0.22409099867985177 0.16034893912238157 0.14990437476889085
2 0.34343675974252796 0.3414112278301692 0.12890802434972928 0.13805759263643722
2 0.29708963961214424 0.26502457257817746 0.15418075973923262 0.15441001834240006
2 0.20041346266462723 0.3403762620741939 0.14494212743398432 0.16194973370266402
2 0.1581832780064725 0.4759356773553155 0.15086484496658029 0.14338159012915472
2 0.1524087905883742 0.5828532670887588 0.14593188311602717 0.12918269780928676
2 0.26063216802235856 0.4281095942857898 0.14006371266133194 0.1508758413827959
2 0.25988037135149494 0.6055215404457238 0.14806712743398434 0.16204066191590946
2 0.3817826448904453 0.607505240762293 0.15972164772652375 0.11396687476889085