1 0.6109607467785462 0.15248279435600748 0.19342378883482797 0.2169732137152085
1 0.7310328731437835 0.24823366508132008 0.18855448165323557 0.18561411094166685
1 0.9190454366700876 0.21200914361416742 0.16190912665982465 0.18190722948277793
1 0.9180010871376257 0.3815040260229869 0.16399782572474847 0.16479246466513908
1 0.7426612404338344 0.36723823821958396 0.16648858411256368 0.15229246466513907
1 0.805339023316734 0.5335185080712159 0.1682419816532356 0.18514133225631965
1 0.10720202604720855 0.7031815110179167 0.15239881303532482 0.1472776563445141
1 0.2581332669720222 0.7324722335668404 0.1382999515990063 0.14070034802388917
1 0.39783663728713525 0.8458651991819102 0.13523858411256368 0.15156511284152785
1 0.5005343904103933 0.7748279601998268 0.12734427088084707 0.13732077488562489
3 0.6028129452542945 0.36320208880892413 0.20113629488495235 0.1999675516711113
3 0.6739526679305398 0.5070261304120491 0.16515334308955404 0.1913185970739585
3 0.5287174359827166 0.5169251944322574 0.18705561416679295 0.1965152433504862
3 0.4117208335233885 0.5470101250937157 0.1242556323171657 0.1434980397032639
3 0.7392605471244474 0.722579701650452 0.16661584913967822 0.174167464665139
3 0.8694838574292977 0.6834288955140285 0.17587267447164337 0.15407317021222244
3 0.9356794665279251 0.556122819525973 0.12864106694414978 0.17492987765916687
3 0.8857270018467117 0.7900425714258341 0.14296018052176757 0.13612195079743064
3 0.04095992339148879 0.8641177045971528 0.07261131908544903 0.12823540919430557
3 0.12745141441449834 0.8270736059076738 0.1351749515990064 0.14062761284152786
3 0.21185368549173722 0.8337249558314237 0.11019313231716552 0.143170731382639
3 0.44070136903856677 0.9576527651019793 0.09273292154477701 0.08469446979604137
3 0.5089786703664266 0.8836035481557296 0.12412836729005079 0.12162303970326391
2 0.4432788639704013 0.33214884450850735 0.1413522287263694 0.12827308320625014
2 0.45281242437344743 0.22535398385118094 0.155496541958086 0.14266289152687514
2 0.3301385145361353 0.35373094414791695 0.12263859016268785 0.13408667211208342
2 0.27581410801847295 0.28060126225218773 0.14772040339440445 0.14873105357097227
2 0.1849078277678519 0.36441125816812514 0.1383999455488822 0.157887848023889
2 0.15448505044409708 0.505871406344514 0.14609427088084712 0.13775718597979178
2 0.1598043304001305 0.6145742591180557 0.14132495764913058 0.12358558320625015
2 0.2541396167990716 0.44882393218006966 0.13364881303532483 0.14684124525034736
2 0.2700333032727674 0.629638174296285 0.14152494554888212 0.15796058320625014
2 0.39419296593875 0.6223731477951392 0.15841246369925477 0.1067981267092362