1 0.1505508657379268 0.851647366121342 0.041261325135573214 0.11103034190105418
3 0.09742079967753987 0.9821559253991513 0.04085225897699045 0.035688149201697425
1 0.4666934953246179 0.9098524328507063 0.03174087939029935 0.08564833992388791
1 0.5339082664018567 0.907902613687065 0.03644656010845857 0.08896434091247088
1 0.5392684529737485 0.7924686146756482 0.031668156517662284 0.07314833992388792
1 0.4785173053348807 0.7579543518240669 0.0317136083130606 0.08096083992388792
1 0.4212836057789778 0.25315942247058293 0.02543633723582168 0.07601867193911023
1 0.42554892496262264 0.19159983996106886 0.03161361436318479 0.06377333992388783
3 0.3967244881943392 0.17635950053147262 0.02855224687674198 0.07458350593149903
3 0.37851029849918955 0.2178148300752371 0.02845225292686617 0.05739600593149907
3 0.3922773618291019 0.26916908304098663 0.031668156517662374 0.07314833992388783
3 0.4067711330045366 0.3299301695048334 0.03174087939029935 0.08564833992388783
3 0.5825125181503725 0.07531028958050803 0.0473386083130606 0.08159750988583174
3 0.5898477742986927 0.15765987456147998 0.04127950585373252 0.11415534190105418
3 0.9692484071068377 0.35675653813481434 0.03637383723582168 0.07646434091247105
3 0.1841421540817755 0.3161701225471326 0.023764752926866216 0.057205004942915846
3 0.2134852621984443 0.10794112847863162 0.019013620413308986 0.046076503954332715