1 0.5529755088179689 0.6830401013454188 0.03748006784239592 0.09001724623907634
3 0.6605711663266293 0.36946699782192194 0.05030761646291495 0.09663095909205772
3 0.6257225327895442 0.46362016310304355 0.047592052238563554 0.10435253087881247
3 0.6697204370188442 0.27612617478152607 0.04439180913596861 0.07305706677218975
3 0.6289006852098218 0.2265748041692704 0.04644563206674697 0.08247753087881238
3 0.6242209085247132 0.3754298413162889 0.04504690637700666 0.08555706677218974
3 0.9783418424913396 0.34517065762626026 0.04282266508343398 0.10265363855894431
3 0.9936791581860289 0.3412105833322231 0.012641683627942157 0.09452288981258565
3 0.9260224259375678 0.4185339497878437 0.039949970601357875 0.0776081744523216
3 0.9267228680447946 0.5956276472014189 0.05236143939369313 0.10605142319868044
3 0.9054033887370094 0.5014002740818808 0.03476450361804453 0.09773881802583091
3 0.29995340739305937 0.7669447737526764 0.03542624491161739 0.08059678213245362
3 0.27557420510906727 0.7482940621533362 0.02893058344622812 0.07572742570596294
3 0.3177307276103044 0.7042772891920827 0.03666119629109836 0.07439224623907634
3 0.3616112816578904 0.8568854636444042 0.03682497060135788 0.07751724623907634
3 0.3941781201925011 0.8531527098834806 0.034027519221876815 0.0836763180258309
1 0.31275338478028053 0.1627717507914228 0.025566566033373483 0.04130696159934022
1 0.5650628352552504 0.1396909181176085 0.040605067842395925 0.0901081744523217