1 0.014561737421393574 0.8132366099814664 0.02912347484278715 0.12959821996293286
1 0.31803815016874637 0.9476141322988031 0.05139095048646727 0.08143353847458741
1 0.39044893831819333 0.9593365829820335 0.059367091720169365 0.08132683403593291
1 0.4268012698920929 0.8521329959084667 0.054625044642268604 0.08779266587924894
1 0.369875159907979 0.7993328889222251 0.05476141233702041 0.09560516587924894
1 0.4498288559269241 0.24944450552711359 0.049964818181219076 0.08919147477225646
1 0.4720544577933633 0.18533736550858015 0.05133640340856669 0.07830853847458741
3 0.44432492410814317 0.16169896886662477 0.05150004464226861 0.08768353847458736
3 0.4131743356343847 0.19969747667117307 0.04651253571381506 0.07033234736759483
3 0.413714077923747 0.2583457903735039 0.054597771103318316 0.08623016587924912
3 0.4125276789794071 0.32631454037350394 0.056378459414921166 0.09878472958157998
3 0.6728414362830077 0.10245048755576429 0.07359323295387128 0.10094743030721935
3 0.6572107077933633 0.19180316423478658 0.0757284772718286 0.1338144940095502
3 0.986431008931749 0.49879229653358975 0.012464818181219074 0.08788194591631608
3 0.17691350730689595 0.2547668894703793 0.04020798863591426 0.06698909255827142
3 0.2666420292209932 0.04058039309857635 0.03373980032431163 0.054270837748947975