1 0.08312565703600054 0.8427628946253887 0.05171369171077376 0.12148015785015573
3 0.02107923216832181 0.9792394499435304 0.04215846433664362 0.035360647326811545
1 0.4223353956672941 0.9165537943006876 0.038131352775469196 0.09418961575678075
1 0.49515081315778 0.9168792889684287 0.04450868676785795 0.09767863680346807
1 0.5080248393552342 0.793115565276788 0.03912084980971962 0.08021812101845249
1 0.44386418026770513 0.7533558442865702 0.037876684790691506 0.08793961575678075
1 0.41058337844145054 0.2055939074972196 0.03299818380210837 0.08297909997176518
1 0.41953922577971225 0.13955167854390702 0.03873884783255317 0.07084312101845254
3 0.3881128122435589 0.12284232067963412 0.036059516805913995 0.08159861049510883
3 0.36598580285201876 0.16619050227790008 0.03379667984777566 0.06432010523343701
3 0.3786012079852151 0.22174255226378267 0.03912084980971962 0.08021812101845249
3 0.3899578606469535 0.2889678496188293 0.03806768577927473 0.09262711575678076
3 0.5939264135361533 0.049471252066138574 0.05270850593149916 0.03112817363517102
3 0.5985383176807664 0.1092557757436619 0.05027852570316256 0.12451415258848364
3 0.9831666911793011 0.33683109905413194 0.014311850798302573 0.08344953683170289
3 0.149746696122217 0.2647967893213645 0.02904551285158128 0.06248458944842143
3 0.19332157707230654 0.04101765507814521 0.023912343878220544 0.05127407366340588