1 0.41796875 0.2390625 0.0265625 0.0515625
1 0.4171875 0.28828125 0.021875 0.06171875
1 0.46875 0.80078125 0.025 0.07109375
1 0.47578125 0.678125 0.0203125 0.059375
1 0.521875 0.79140625 0.02890625 0.0734375
1 0.0171875 0.22890625 0.0171875 0.0515625
3 0.1921875 0.92890625 0.02578125 0.05703125
3 0.21328125 0.9125 0.02578125 0.05703125
3 0.22265625 0.80625 0.03203125 0.07734375
3 0.53125 0.16171875 0.0359375 0.06796875
3 0.53828125 0.23203125 0.0328125 0.08046875
3 0.39453125 0.30625 0.02265625 0.0625
3 0.3796875 0.25390625 0.025 0.05234375
3 0.39609375 0.2140625 0.025 0.05859375
3 0.634375 0.1984375 0.0234375 0.0609375
3 0.875 0.29765625 0.028125 0.07265625
3 0.67265625 0.87421875 0.0203125 0.0484375
3 0.634375 0.82578125 0.0171875 0.04453125
3 0.22421875 0.2890625 0.02109375 0.05078125
3 0.23359375 0.31953125 0.02109375 0.04453125
3 0.240625 0.109375 0.01328125 0.04296875
3 0.2609375 0.171875 0.01328125 0.034375