1 0.36251861015266185 0.2788346714828208 0.04310801285158128 0.06211956677218975
1 0.37047834878395536 0.3330364381758682 0.04042868182494201 0.07296613855894432
1 0.5213286525873763 0.8732164719576744 0.04549818380210837 0.08247753087881264
1 0.5056465972638995 0.7397902065182682 0.03873884783255317 0.06979567445232178
1 0.5753449905340977 0.8528872515828457 0.050376684790691684 0.08730142319868044
3 0.25712688973579495 0.9265387340983754 0.05519151878308026 0.09056281551854858
3 0.47078604939197766 0.1748267845732291 0.05643568380210837 0.08279577962517118
3 0.49126303406893845 0.2481649961725693 0.0569450197716634 0.09529577962517113
3 0.34996026034294225 0.3566868868430847 0.04199118182494201 0.07301160266556703
3 0.3239999382135516 0.30274353292387646 0.04154551285158128 0.06207410266556703
3 0.33447186460128614 0.25689983551030116 0.04342634783255317 0.06993206677218974
3 0.5881499629281309 0.19310307462324153 0.04192751482874755 0.07144910266556703
3 0.8657364520537161 0.25280364970870145 0.05031301779449748 0.08573892319868044
3 0.7543666456672941 0.9128485879510766 0.03510451186299814 0.05720474623907634
3 0.7038055715607371 0.8675755403792168 0.03022601087441501 0.052380853919208194
3 0.16319508939241517 0.3715891581549856 0.0367943458553869 0.06037521034569906
3 0.17992233296662458 0.4025807453811465 0.034913510874414924 0.052517246239076346
3 0.14852904741481132 0.17483617860895678 0.026973676882026166 0.04916492570596289
3 0.18113861756703567 0.2383591210079671 0.02346667490485981 0.039698997492717505