1 0.15859375 0.8328125 0.040625 0.1078125
3 0.10703125 0.9734375 0.0390625 0.053125
1 0.4703125 0.87734375 0.03046875 0.08359375
1 0.5359375 0.87265625 0.0359375 0.08671875
1 0.54140625 0.75859375 0.03125 0.07109375
1 0.48046875 0.72734375 0.0296875 0.078125
1 0.421875 0.2328125 0.02578125 0.07421875
1 0.42578125 0.171875 0.03125 0.0625
3 0.396875 0.15859375 0.028125 0.07265625
3 0.37890625 0.2 0.02734375 0.05625
3 0.39375 0.25 0.03125 0.0703125
3 0.4078125 0.309375 0.03046875 0.08203125
3 0.5796875 0.0515625 0.046875 0.07890625
3 0.58671875 0.13203125 0.03984375 0.1109375
3 0.96171875 0.3125 0.03515625 0.075
3 0.18828125 0.3046875 0.02265625 0.0546875
3 0.21640625 0.09765625 0.01953125 0.04453125