3 0.5961837570293133 0.260125833202048 0.14608740363849115 0.18677507142762995
3 0.6192509218354563 0.1510411595009419 0.12835194003242129 0.14118983603812651
3 0.2103684590534467 0.7563203636375619 0.12035965756743261 0.1707136948044246
3 0.25083940942495025 0.9033902325501296 0.0909589478903042 0.10931254464226861
3 0.28863470016210657 0.6908396396121443 0.11970468610347992 0.1566511948044244
3 0.35242968051739937 0.7679146083625561 0.09623295285270288 0.18902731818121907
3 0.5826008699306482 0.65677869075053 0.12123295285270289 0.18946369480442443
3 0.45836919561399253 0.45722079586337994 0.13082627667402047 0.19431483603812652
3 0.45734831285855365 0.6871128474055075 0.0896147717116218 0.1139727711033185
3 0.5074915922231704 0.3703559955390684 0.10680657981717356 0.18140573295387147
3 0.6917810090962279 0.44923715179030416 0.152846825888232 0.19782166558343128
3 0.2669543294028888 0.32607771022899523 0.09056084160399784 0.1342852711033183
3 0.3082728422231704 0.3738333717552368 0.12402831306795062 0.14892051542127546
3 0.6517423982618077 0.24430023579983579 0.10444355913900907 0.16419095941492107
1 0.3156036910658786 0.2290566599046837 0.08892556699689198 0.13269549756436802
1 0.35153688296032676 0.1611873214309252 0.10171666542531543 0.13916368587597075
1 0.4786772717116218 0.104236117698047 0.08856169396136267 0.12488299756436802
3 0.040246280188677125 0.32690737337679454 0.03616444003242131 0.13958069724005648
3 0.6572840386657325 0.5311553534945874 0.11465331306795061 0.14875687418757338
1 0.410766565339753 0.7278020771129681 0.08482026385373889 0.14511367694751698