1 0.57903480885788 0.6581699203621936 0.03318918479069151 0.08680131802583091
3 0.6819900766151961 0.34386807647211515 0.045943852775469016 0.09341503087881238
3 0.6483100963868595 0.43870921503105953 0.043137187756441084 0.10113660266556704
3 0.689952473839727 0.251339595672445 0.04192751482874755 0.07144910266556703
3 0.6505742974519924 0.2063369842313894 0.043808349809719614 0.07930706677218975
3 0.6471203280980709 0.3519222688711255 0.042373183802108375 0.08238660266556704
3 0.9861032791632036 0.2973207192542016 0.027793441673592767 0.09943771034569897
3 0.9412350840295698 0.37152274887937276 0.03586851581733086 0.07595474623907635
3 0.9428333706071473 0.5451193732525521 0.04788835475263546 0.10283549498543501
3 0.9219531848278726 0.45499447842540164 0.03200868676785795 0.0961308539192082
3 0.3328866621276406 0.7599754274218226 0.03287084980971962 0.07898881802583091
3 0.3079675751695023 0.7434926210744741 0.024803681824942015 0.07251149749271768
3 0.34912181577796214 0.6977111081423504 0.03417868182494192 0.07278428213245362
3 0.39338776342023496 0.8434722375300947 0.034242348821136394 0.07434678213245363
3 0.4244149289335546 0.837094205397641 0.03137201680591399 0.0805058539192082
1 0.3415693705699662 0.16683318118274623 0.023530341901054186 0.04126149749271755
1 0.5878567801517869 0.12603337028305128 0.036314184790691505 0.08689224623907629