1 0.37421875 0.24223634646386785 0.0375 0.06046613855894432
1 0.38125 0.2959380079840658 0.0328125 0.06970474623907634
1 0.52265625 0.8254172563347131 0.0375 0.08077863855894449
1 0.50859375 0.6945764332943173 0.03125 0.06653428213245363
1 0.5765625 0.8058799946562306 0.0421875 0.08404003087881229
3 0.26953125 0.9765324416075873 0.0359375 0.032295674452321774
3 0.2625 0.8798620300873896 0.046875 0.08886392319868044
3 0.48125 0.1391220551602142 0.0484375 0.07953438730530311
3 0.50078125 0.21121000382743071 0.0484375 0.09203438730530315
3 0.3609375 0.31918529137016066 0.034375 0.07131271034569897
3 0.33671875 0.2659837350228122 0.0359375 0.06042067445232169
3 0.346875 0.22115696832976478 0.0359375 0.0666706744523217
3 0.59765625 0.15760997921682446 0.034375 0.06975021034569898
3 0.86796875 0.21380718877110066 0.0421875 0.08247753087881238
3 0.75078125 0.8625294967678017 0.0296875 0.05555131802583091
3 0.7015625 0.8194303661264162 0.025 0.05072742570596276
3 0.17734375 0.3346835738983257 0.03125 0.058721782132453625
3 0.19296875 0.3646976828320989 0.0296875 0.05086381802583091
3 0.16484375 0.14207853675130716 0.021875 0.0490739974927175
3 0.19609375 0.20366925461885352 0.0203125 0.039653533386094876