3 0.5536097897710047 0.2611491489410445 0.14389782467404083 0.1899546185055306
3 0.5813745052750058 0.15151109618110098 0.125919392044481 0.14434210957707685
3 0.14439584577406386 0.7554159772718286 0.11862508928453738 0.173893241882325
3 0.18136183197434613 0.9044534951287361 0.0893273271096728 0.10621481818121907
3 0.2268304703686744 0.6904688616056717 0.11681712743398434 0.1598034683433749
3 0.2891861943940921 0.772782529624735 0.09241714529089178 0.19374209172016937
3 0.5286560231286179 0.6660587913925625 0.11897964529089186 0.19420574188232517
3 0.40711443952612336 0.45931213920181185 0.1284364659077429 0.19905688311602726
3 0.3994867203686744 0.6934825876596843 0.08951824188232518 0.11715231818121907
3 0.45947973457542923 0.3719718262955986 0.10475350405718978 0.18458528003177205
3 0.6460951189092724 0.4587974906612139 0.1503660129856435 0.20256371266133186
3 0.21565186809849352 0.31851204098882074 0.08831029788867957 0.1374375446422687
3 0.2555734845754292 0.36841262946257924 0.12293075973923262 0.15210006249917624
3 0.6111768279204517 0.24809576988220705 0.10135576866768634 0.16890573295387146
1 0.2678262483751469 0.22023422808260745 0.08672052434972918 0.1358477711033183
1 0.30725121266133193 0.1521933400953163 0.10089211850553062 0.14234323295387147
1 0.4383006152591197 0.09824795413662002 0.08655688311602709 0.12647277110331837
3 0.6092730032431156 0.5417230389569305 0.11199325973923262 0.15190914772652384
1 0.3501958323813833 0.7332348344132734 0.08225121266133195 0.14826595048646746