1 0.4966730713249442 0.6481927250174657 0.034865879390299524 0.08517508700597229
3 0.6262277193565955 0.3598413526766325 0.04741133118569749 0.09327852773541671
3 0.5845492794650541 0.44635942771475745 0.044322692622015936 0.09945579255305556
3 0.6436919544276767 0.27354082997520884 0.04259656615858276 0.07129442496187507
3 0.6106021984757484 0.2251208605604172 0.04420451795398091 0.07914329255305556
3 0.5918754452542945 0.3629475156706602 0.042660198672140125 0.082231924961875
3 0.986460195647078 0.25029170003493134 0.027079608705843937 0.09596711664124999
3 0.9269226109453392 0.3519983639788897 0.04118860226293606 0.0978205573706945
3 0.9612794302271798 0.3496734509848619 0.04740224082661797 0.09171602773541672
3 0.8710634963857627 0.41787663069638964 0.03637383723582168 0.07583645459715278
3 0.8564020744482022 0.583137954784584 0.04902837334017533 0.10268989532659738
3 0.8449464239806639 0.49382088164632015 0.033348831185697494 0.09295121941479163
3 0.25022531820168625 0.7158841456109377 0.034820427594901296 0.07736258700597212
3 0.22902702907227068 0.6974244331300001 0.02697156615858276 0.0709307490500695
3 0.2725452249157404 0.6585989756830558 0.03478406615858276 0.0711125870059723
3 0.2999440379510652 0.8029672247331252 0.03480224687674198 0.07423758700597247
3 0.3311713120533662 0.7997883265567364 0.033267017953980904 0.07888871941479181
1 0.31880506303532485 0.15115080480524332 0.025236349336070062 0.041206881458888935
1 0.5577812046240684 0.14187129625586853 0.03799087939029935 0.08524782218833335