3 0.5672776751772375 0.8054303050402931 0.05365384890464338 0.07217498184962742
3 0.5628917035487675 0.8695291664766115 0.044233384798020484 0.07055793969514959
3 0.6891132227490973 0.8570740973911624 0.036284492478152686 0.06582498789975162
3 0.8154938663226066 0.8500877783057135 0.04593227711788863 0.07525453005422947
3 0.6665789932030683 0.834545112418277 0.0394549565847754 0.06740566861791067
3 0.4813529515702104 0.10815585012163698 0.04629598997087001 0.08775453005422928
3 0.4591884465556454 0.15204220550783126 0.04110838479802066 0.07053975897699045
3 0.11710887595602501 0.6142665121984443 0.031278743731793845 0.0548602168225127
3 0.1434560787798766 0.71413015681225 0.02131271034569897 0.03449317466803503
3 0.13330818896729105 0.6876221989667277 0.019795674452321686 0.03604658430895533
3 0.1465667069139797 0.6867636809145509 0.019704746239076344 0.03292158430895533
3 0.989441899379497 0.5395992093184603 0.02111620124100604 0.07208407825883115
3 0.5000718593294846 0.13383256099222135 0.042898205331134066 0.07836134933607006
1 0.40400243685571996 0.8602955879231928 0.03610263605166182 0.059574987899751616