1 0.4111290312745238 0.17800966448755542 0.031324207838416565 0.05745967292769345
1 0.41267481089969493 0.23113466448755543 0.026954956584775404 0.06820617193911023
1 0.49416678411101067 0.7737731506473909 0.03035274122451135 0.07770850593149899
1 0.49505803120801684 0.6431133996588078 0.02530152837152997 0.06501750494291585
1 0.549317285364652 0.76057547228249 0.033523205331134065 0.07939833992388774
3 0.20609378576036336 0.9270851289357422 0.029898100158284535 0.06208350593149916
3 0.2266874305875138 0.9090381244871178 0.029898100158284535 0.06208350593149916
3 0.23196230080405805 0.7946254560080487 0.03678459765100204 0.08421317391627667
3 0.5289864695168991 0.08873230578058726 0.0411538489046432 0.07346667490485981
3 0.5397624966347877 0.16338213730151813 0.03843802586424747 0.08740184091247097
3 0.3906095942857898 0.25237033593237407 0.026954956584775223 0.06820617193911023
3 0.372543904394062 0.1960075893924152 0.029761707838416564 0.05739600593149907
3 0.3869413735152496 0.15318341943047126 0.02994356426490725 0.06364600593149908
3 0.6410151080758434 0.12171194905078546 0.028471992478152686 0.0667073389353047
3 0.9009787929530063 0.21201997817680804 0.033523205331134065 0.07939833992388783
3 0.7150990612288994 0.8398597711801761 0.024983279625171127 0.05408000494291585
3 0.6714339777636622 0.7907975300774248 0.02011392319868044 0.047639003954332716
3 0.207342453219563 0.24419437448711792 0.025028743731793847 0.05564250494291585
3 0.21999321740532798 0.27574812201565996 0.02480142319868044 0.04783000494291585
3 0.2165713860516619 0.05062078802327117 0.016943459092057724 0.04594916996194391
3 0.24118259263643718 0.11688511657845249 0.015153638558944315 0.03807300296574954