3 0.58125 0.7955802939210945 0.05625 0.07721702800763594
3 0.5734375 0.8652024505888217 0.04375 0.07550907733927233
3 0.709375 0.8503394245703682 0.0390625 0.07076703333863606
3 0.8453125 0.8417263985519143 0.0484375 0.08025112133990894
3 0.6859375 0.8263933945735497 0.040625 0.0723477146721816
3 0.51015625 0.047970044597412276 0.046875 0.09429544000636333
3 0.4859375 0.09590810526736668 0.0421875 0.075490896005727
3 0.1046875 0.5925318506524552 0.03125 0.05817612667090888
3 0.1296875 0.700053449315728 0.021875 0.03775453866963616
3 0.11875 0.6712744686505462 0.0203125 0.0392988573360908
3 0.1328125 0.6711108366486372 0.0203125 0.0361738573360908
3 0.52890625 0.07509561859486694 0.04375 0.08488407733927246
1 0.4046875 0.8554472846117298 0.0359375 0.06291817067154533