1 0.515625 0.63515625 0.0265625 0.07890625
3 0.61796875 0.34453125 0.0375 0.0859375
3 0.584375 0.43203125 0.034375 0.09296875
3 0.62734375 0.259375 0.03515625 0.06484375
3 0.59140625 0.21640625 0.03671875 0.071875
3 0.58515625 0.3515625 0.03515625 0.07578125
3 0.9609375 0.19921875 0.03125 0.0890625
3 0.984375 0.22734375 0.02734375 0.07421875
3 0.90546875 0.3046875 0.03046875 0.090625
3 0.93828125 0.29921875 0.03828125 0.08359375
3 0.85703125 0.3734375 0.0296875 0.06875
3 0.85546875 0.53359375 0.0390625 0.09375
3 0.8375 0.45 0.02421875 0.0875
3 0.28515625 0.7265625 0.0265625 0.071875
3 0.26328125 0.7109375 0.01953125 0.0671875
3 0.30234375 0.66875 0.02734375 0.065625
3 0.33984375 0.8046875 0.02734375 0.06796875
3 0.36875 0.7984375 0.025 0.07421875
1 0.30625 0.1765625 0.0203125 0.03671875
1 0.53515625 0.14140625 0.0296875 0.07890625