3 0.5471190198006927 0.838192331984232 0.056695427594901204 0.07754434740221221
3 0.537358200420656 0.9063383599874093 0.04573974687674216 0.07422843262955965
3 0.6701207034457181 0.8954263591766303 0.03947156615858276 0.0709943384737585
3 0.8029241130866385 0.8915456083658515 0.048901108313060604 0.08053297970746058
3 0.6481048028799841 0.8715894387219351 0.04103406615858276 0.0710216120127086
3 0.49910109621281207 0.10536224107484156 0.048973831185697494 0.09303297970746054
3 0.4735789214465812 0.15034350446752215 0.04417724687674198 0.07420115909060954
3 0.08724807435000632 0.6266658656661568 0.033148843285945875 0.05838524431795715
3 0.1089554235878805 0.7317664228903272 0.023655668617910842 0.03790910308425506
3 0.0986355471244474 0.7038187008935044 0.020530668617910842 0.03785455600635448
3 0.11191679712444742 0.7035868758124265 0.02051248789975162 0.03472955600635448
3 0.5164476774967055 0.13240598214638782 0.04579428903121965 0.08360343262955987
1 0.3716332064707802 0.8920418551161454 0.03786361436318471 0.06315456493480838