3 0.488629672076253 0.23811378660091212 0.13430463636243814 0.17652723201781734
3 0.47740007142762997 0.1319728746021848 0.1179159772718286 0.13259541868236294
3 0.2923481505626023 0.8116074726289109 0.11062167451188501 0.16219201201463562
3 0.37505333075653013 0.9387961339513204 0.0863659683433748 0.11504429201145391
3 0.34320549268980877 0.7258421479551385 0.10881371266133195 0.14811133068109025
3 0.42301176947516994 0.7764864906110935 0.08592168344033872 0.17908861067790838
3 0.5957656566516822 0.6010035905872309 0.11092168344033873 0.17937951201463562
3 0.42453376460720127 0.4607796746101389 0.11881600405718977 0.18415791868236298
3 0.49225091882654687 0.6694092399347757 0.08313187418757337 0.1087579293443632
3 0.4424286022701809 0.3668024079408209 0.0967228157455871 0.17140338001272673
3 0.630955314120734 0.3786740572485948 0.13918305113509036 0.1875192760184537
3 0.2149036201270884 0.4038318826384558 0.08345915665497756 0.1275079293443632
3 0.26543545413662006 0.4337188299650016 0.11492734496658023 0.14037155601527207
3 0.5341779512972462 0.20632743726132147 0.09488758035608366 0.15576019867918128
1 0.22872856655636595 0.3005250693030014 0.08186938311602718 0.12592724801081764
1 0.2407143234562248 0.2261517779678651 0.09445120373287823 0.13076019867918126
1 0.3367887081971051 0.1343904446212748 0.08017051542127547 0.11809656667727224
3 0.016925816149328865 0.47724375266550007 0.01956029788867958 0.13613749466899988
3 0.6254104719935275 0.4639121232495492 0.10398984496658023 0.1402442866804538
1 0.4634498088424329 0.7205359352721391 0.07583757142762995 0.13835452267663584