3 0.51953125 0.253125 0.103125 0.15546875
3 0.528125 0.1484375 0.09453125 0.1140625
3 0.2234375 0.76875 0.08125 0.1453125
3 0.2796875 0.90625 0.065625 0.103125
3 0.28828125 0.69609375 0.0828125 0.13125
3 0.35625 0.759375 0.053125 0.16796875
3 0.5546875 0.621875 0.078125 0.1640625
3 0.41640625 0.45625 0.08671875 0.16640625
3 0.44296875 0.66796875 0.06328125 0.0953125
3 0.4515625 0.36875 0.065625 0.1578125
3 0.63046875 0.4140625 0.10625 0.16640625
3 0.225 0.3625 0.059375 0.11484375
3 0.26875 0.40078125 0.0890625 0.12265625
3 0.56953125 0.23046875 0.06640625 0.1421875
1 0.2578125 0.265625 0.05859375 0.11328125
1 0.2828125 0.196875 0.0703125 0.1171875
1 0.39296875 0.12578125 0.059375 0.10546875
3 0.009375 0.396875 0.01875 0.13046875
3 0.60859375 0.4953125 0.0796875 0.125
1 0.4046875 0.7125 0.0515625 0.12734375