3 0.60703125 0.79296875 0.0390625 0.06484375
3 0.6140625 0.85703125 0.02890625 0.065625
3 0.73515625 0.81875 0.02265625 0.0625
3 0.8578125 0.78671875 0.03046875 0.0703125
3 0.709375 0.8015625 0.025 0.06328125
3 0.39765625 0.12421875 0.0265625 0.08359375
3 0.38359375 0.171875 0.0265625 0.06640625
3 0.13203125 0.6953125 0.01875 0.0515625
3 0.17578125 0.78828125 0.0140625 0.0328125
3 0.1609375 0.76484375 0.01171875 0.034375
3 0.1734375 0.7609375 0.0125 0.03125
3 0.98359375 0.44453125 0.025 0.06875
3 0.4203125 0.1453125 0.02578125 0.07421875
1 0.45703125 0.8796875 0.02265625 0.05546875